1.000000000000000000e+01
1.011591112223829825e+01
1.023316578330244830e+01
1.035177955630176250e+01
1.047176819485520305e+01
1.059314763518369951e+01
1.071593399822671167e+01
1.084014359178330977e+01
1.096579291267809886e+01
1.109289864895222699e+01
1.122147768207980256e+01
1.135154708920999056e+01
1.148312414543511117e+01
1.161622632608501782e+01
1.175087130904807609e+01
1.188707697711903322e+01
1.202486142037412264e+01
1.216424293857367900e+01
1.230524004359261525e+01
1.244787146187906224e+01
1.259215613694150981e+01
1.273811323186478539e+01
1.288576213185518071e+01
1.303512244681508925e+01
1.318621401394748460e+01
1.333905690039058634e+01
1.349367140588306491e+01
1.365007806546013747e+01
1.380829765218092398e+01
1.396835117988739761e+01
1.413025990599533621e+01
1.429404533431761060e+01
1.445972921792019505e+01
1.462733356201129808e+01
1.479688062686396322e+01
1.496839293077255562e+01
1.514189325304351996e+01
1.531740463702079857e+01
1.549495039314631661e+01
1.567455410205595001e+01
1.585623961771137225e+01
1.604003107056820099e+01
1.622595287078087267e+01
1.641402971144466605e+01
1.660428657187529566e+01
1.679674872092653004e+01
1.699144172034625910e+01
1.718839142817145671e+01
1.738762400216250370e+01
1.758916590327732621e+01
1.779304389918577201e+01
1.799928506782476489e+01
1.820791680099462440e+01
1.841896680799710850e+01
1.863246311931559873e+01
1.884843409033795325e+01
1.906690840512251839e+01
1.928791508020777812e+01
1.951148346846616377e+01
1.973764326300255334e+01
1.996642450109793288e+01
2.019785756819878486e+01
2.043197320195270450e+01
2.066880249629081945e+01
2.090837690555749973e+01
2.115072824868794754e+01
2.139588871343421417e+01
2.164389086064020518e+01
2.189476762856620695e+01
2.214855233726359174e+01
2.240527869300018082e+01
2.266498079273692667e+01
2.292769312865648601e+01
2.319345059274427356e+01
2.346228848142262535e+01
2.373424250023866122e+01
2.400934876860651812e+01
2.428764382460450477e+01
2.456916462982790250e+01
2.485394857429798421e+01
2.514203348142796557e+01
2.543345761304649599e+01
2.572825967447933593e+01
2.602647881969005894e+01
2.632815465648021203e+01
2.663332725174982230e+01
2.694203713681883627e+01
2.725432531281029114e+01
2.757023325609583964e+01
2.788980292380441028e+01
2.821307675939472048e+01
2.854009769829238863e+01
2.887090917359236286e+01
2.920555512182746583e+01
2.954407998880381214e+01
2.988652873550384115e+01
3.023294684405777843e+01
3.058338032378433269e+01
3.093787571730138453e+01
3.129648010670752001e+01
3.165924111983522238e+01
3.202620693657652140e+01
3.239742629528197426e+01
3.277294849923383424e+01
3.315282342319424913e+01
3.353710152002930300e+01
3.392583382740993869e+01
3.431907197459044312e+01
3.471686818926561102e+01
3.511927530450729762e+01
3.552634676578141182e+01
3.593813663804627367e+01
3.635469961293319585e+01
3.677609101601032648e+01
3.720236681413067714e+01
3.763358362286534486e+01
3.806979871402285909e+01
3.851107002325570505e+01
3.895745615775503268e+01
3.940901640403449591e+01
3.986581073580440915e+01
4.032789982193707345e+01
4.079534503452450878e+01
4.126820845702953733e+01
4.174655289253136914e+01
4.223044187206674138e+01
4.271993966306779100e+01
4.321511127789764117e+01
4.371602248248504452e+01
4.422273980505899260e+01
4.473533054498465589e+01
4.525386278170169163e+01
4.577840538376618440e+01
4.630902801799739166e+01
4.684580115873047390e+01
4.738879609717653807e+01
4.793808495089109556e+01
4.849374067335235594e+01
4.905583706365047902e+01
4.962444877628915663e+01
5.019965133110081723e+01
5.078152112327673251e+01
5.137013543351341127e+01
5.196557243827660244e+01
5.256791122018422158e+01
5.317723177850969307e+01
5.379361503980700121e+01
5.441714286865889960e+01
5.504789807854970718e+01
5.568596444286411895e+01
5.633142670601354496e+01
5.698437059469139143e+01
5.764488282925876206e+01
5.831305113526221362e+01
5.898896425508496577e+01
5.967271195973313525e+01
6.036438506075867139e+01
6.106407542232039276e+01
6.177187597338491543e+01
6.248788072006890815e+01
6.321218475812451487e+01
6.394488428556942949e+01
6.468607661546327847e+01
6.543586018883236477e+01
6.619433458774395262e+01
6.696160054853221766e+01
6.773775997517752501e+01
6.852291595284064840e+01
6.931717276155407603e+01
7.012063589007183850e+01
7.093341204987996207e+01
7.175560918936928090e+01
7.258733650817252681e+01
7.342870447166765757e+01
7.427982482564918598e+01
7.514081061116969806e+01
7.601177617955330845e+01
7.689283720758312768e+01
7.778411071286490142e+01
7.868571506936851279e+01
7.959777002314986305e+01
8.052039670825477913e+01
8.145371766280744907e+01
8.239785684528519027e+01
8.335293965098195201e+01
8.431909292866259875e+01
8.529644499741024788e+01
8.628512566366894987e+01
8.728526623848379984e+01
8.829699955494092478e+01
8.932045998580969126e+01
9.035578346138929362e+01
9.140310748756232329e+01
9.246257116405743659e+01
9.353431520292386381e+01
9.461848194722001892e+01
9.571521538991865441e+01
9.682466119303123264e+01
9.794696670695395824e+01
9.908228099003797240e+01
1.002307548283865373e+02
1.013925407558815266e+02
1.025677930744421928e+02
1.037566678745185982e+02
1.049593230558227646e+02
1.061759183483000157e+02
1.074066153333433391e+02
1.086515774652538369e+02
1.099109700929497251e+02
1.111849604819271065e+02
1.124737178364751884e+02
1.137774133221491439e+02
1.150962200885032303e+02
1.164303132920876749e+02
1.177798701197119300e+02
1.191450698119775922e+02
1.205260936870842556e+02
1.219231251649110703e+02
1.233363497913776001e+02
1.247659552630869797e+02
1.262121314522547380e+02
1.276750704319265708e+02
1.291549665014883885e+02
1.306520162124721196e+02
1.321664183946605249e+02
1.336983741824946605e+02
1.352480870417875281e+02
1.368157627967471797e+02
1.384016096573131449e+02
1.400058382468097591e+02
1.416286616299198897e+02
1.432702953409830968e+02
1.449309574126216660e+02
1.466108684046984365e+02
1.483102514336104321e+02
1.500293322019218181e+02
1.517683390283405345e+02
1.535275028780422701e+02
1.553070573933460139e+02
1.571072389247450474e+02
1.589282865622977852e+02
1.607704421673823560e+02
1.626339504048192168e+02
1.645190587753662328e+02
1.664260176485903457e+02
1.683550802961202351e+02
1.703065029252844340e+02
1.722805447131393919e+02
1.742774678408919158e+02
1.762975375287205679e+02
1.783410220710008218e+02
1.804081928719382688e+02
1.824993244816152469e+02
1.846146946324547571e+02
1.867545842761076074e+02
1.889192776207666213e+02
1.911090621689137947e+02
1.933242287555045209e+02
1.955650715865949110e+02
1.978318882784164430e+02
2.001249798969037101e+02
2.024446509976803839e+02
2.047912096665085357e+02
2.071649675602068896e+02
2.095662399480432896e+02
2.119953457536070971e+02
2.144526075971667467e+02
2.169383518385184288e+02
2.194529086203313568e+02
2.219966119119954726e+02
2.245697995539773899e+02
2.271728133026905141e+02
2.298059988758851091e+02
2.324697059985647911e+02
2.351642884494348493e+02
2.378901041078893286e+02
2.406475150015424163e+02
2.434368873543110396e+02
2.462585916350546711e+02
2.491130026067788492e+02
2.520004993764092092e+02
2.549214654451423030e+02
2.578762887593800883e+02
2.608653617622547927e+02
2.638890814457510601e+02
2.669478494034320875e+02
2.700420718837772824e+02
2.731721598441376386e+02
2.763385290053169570e+02
2.795415999067856205e+02
2.827817979625340854e+02
2.860595535175742157e+02
2.893753019050950570e+02
2.927294835042815748e+02
2.961225437988034628e+02
2.995549334359812974e+02
3.030271082866396455e+02
3.065395295056526948e+02
3.100926635931926398e+02
3.136869824566876446e+02
3.173229634734976230e+02
3.210010895543171614e+02
3.247218492073128573e+02
3.284857366030043409e+02
3.322932516398971643e+02
3.361449000108764835e+02
3.400411932703706270e+02
3.439826489022924534e+02
3.479697903887691268e+02
3.520031472796678713e+02
3.560832552629277643e+02
3.602106562357070061e+02
3.643858983763544188e+02
3.686095362172158048e+02
3.728821307182833493e+02
3.772042493416997218e+02
3.815764661271248315e+02
3.859993617679767226e+02
3.904735236885559857e+02
3.949995461220643165e+02
3.995780301895269417e+02
4.042095839796310202e+02
4.088948226294864412e+02
4.136343684063277806e+02
4.184288507901584353e+02
4.232789065573552989e+02
4.281851798652415368e+02
4.331483223376403089e+02
4.381689931514194427e+02
4.432478591240400760e+02
4.483855948021191011e+02
4.535828825510191109e+02
4.588404126454761354e+02
4.641588833612781855e+02
4.695390010680062574e+02
4.749814803228504729e+02
4.804870439655134078e+02
4.860564232142139076e+02
4.916903577628031030e+02
4.973895958790067766e+02
5.031548945038056786e+02
5.089870193519685131e+02
5.148867450137497599e+02
5.208548550577665992e+02
5.268921421350677292e+02
5.329994080844093105e+02
5.391774640387504860e+02
5.454271305329835968e+02
5.517492376129129070e+02
5.581446249454966164e+02
5.646141419303672819e+02
5.711586478126434940e+02
5.777790117970506572e+02
5.844761131633637206e+02
5.912508413831881171e+02
5.981040962380943711e+02
6.050367879391224051e+02
6.120498372476703253e+02
6.191441755977847379e+02
6.263207452198691954e+02
6.335804992658254378e+02
6.409244019356457329e+02
6.483534286054726863e+02
6.558685659571435735e+02
6.634708121092351121e+02
6.711611767496286802e+02
6.789406812696112183e+02
6.868103588995306836e+02
6.947712548460240214e+02
7.028244264308352740e+02
7.109709432312438366e+02
7.192118872221192305e+02
7.275483529196233121e+02
7.359814475265770852e+02
7.445122910795142843e+02
7.531420165974375323e+02
7.618717702322999230e+02
7.707027114212303331e+02
7.796360130405237214e+02
7.886728615614156297e+02
7.978144572076629402e+02
8.070620141149507845e+02
8.164167604921472048e+02
8.258799387844271678e+02
8.354528058382871905e+02
8.451366330684721788e+02
8.549327066268384669e+02
8.648423275731726108e+02
8.748668120479914023e+02
8.850074914473439094e+02
8.952657125996400964e+02
9.056428379445294468e+02
9.161402457138520958e+02
9.267593301146882823e+02
9.375015015145289681e+02
9.483681866285927526e+02
9.593608287093146600e+02
9.704808877380306740e+02
9.817298406188840545e+02
9.931091813749800394e+02
1.004620421346813146e+03
1.016265089392995151e+03
1.028044732093309676e+03
1.039960913954120315e+03
1.052015217616159134e+03
1.064209244064724544e+03
1.076544612842315928e+03
1.089022962263730506e+03
1.101645949633656983e+03
1.114415251466788050e+03
1.127332563710487193e+03
1.140399601970033018e+03
1.153618101736478593e+03
1.166989818617147421e+03
1.180516528568805597e+03
1.194200028133532442e+03
1.208042134677328932e+03
1.222044686631488730e+03
1.236209543736769092e+03
1.250538587290391433e+03
1.265033720395903856e+03
1.279696868215941549e+03
1.294529978227915990e+03
1.309535020482667733e+03
1.324713987866117577e+03
1.340068896363950671e+03
1.355601785329369022e+03
1.371314717753945615e+03
1.387209780541621058e+03
1.403289084785873229e+03
1.419554766050101534e+03
1.436008984651260562e+03
1.452653925946781328e+03
1.469491800624817188e+03
1.486524844997857144e+03
1.503755321299738398e+03
1.521185517986104742e+03
1.538817750038346276e+03
1.556654359271062049e+03
1.574697714643086783e+03
1.592950212572123064e+03
1.611414277253019918e+03
1.630092360979741215e+03
1.648986944471064817e+03
1.668100537200059080e+03
1.687435677727375605e+03
1.706994934038408019e+03
1.726780903884355894e+03
1.746796215127245659e+03
1.767043526088946692e+03
1.787525525904235565e+03
1.808244934877951664e+03
1.829204504846293730e+03
1.850407019542302123e+03
1.871855294965579333e+03
1.893552179756295118e+03
1.915500555573527890e+03
1.937703337477988953e+03
1.960163474319185752e+03
1.982883949127071446e+03
2.005867779508233980e+03
2.029118018046678117e+03
2.052637752709252254e+03
2.076430107255774601e+03
2.100498241653915102e+03
2.124845352498882676e+03
2.149474673437980528e+03
2.174389475600080004e+03
2.199593068030074846e+03
2.225088798128369490e+03
2.250880052095461906e+03
2.276970255381680090e+03
2.303362873142131320e+03
2.330061410696924668e+03
2.357069413996727690e+03
2.384390470093720523e+03
2.412028207618006945e+03
2.439986297259550156e+03
2.468268452255692409e+03
2.496878428884326695e+03
2.525820026962784596e+03
2.555097090352507166e+03
2.584713507469563865e+03
2.614673211801092293e+03
2.644980182427719683e+03
2.675638444552045257e+03
2.706652070033241216e+03
2.738025177927857840e+03
2.769761935036890918e+03
2.801866556459195181e+03
2.834343306151309207e+03
2.867196497493769584e+03
2.900430493863991614e+03
2.934049709215787061e+03
2.968058608665602151e+03
3.002461709085549501e+03
3.037263579703311734e+03
3.072468842709003638e+03
3.108082173869063809e+03
3.144108303147264905e+03
3.180552015332919837e+03
3.217418150676371624e+03
3.254711605531847908e+03
3.292437333007768757e+03
3.330600343624588731e+03
3.369205705980267339e+03
3.408258547423452001e+03
3.447764054734464025e+03
3.487727474814177640e+03
3.528154115380883013e+03
3.569049345675229688e+03
3.610418597173337275e+03
3.652267364308175274e+03
3.694601205199302512e+03
3.737425742391063977e+03
3.780746663599349176e+03
3.824569722466999337e+03
3.868900739327975316e+03
3.913745601980383981e+03
3.959110266468458576e+03
4.005000757873611292e+03
4.051423171114647175e+03
4.098383671757261254e+03
4.145888496832911187e+03
4.193943955667185946e+03
4.242556430717777403e+03
4.291732378422157126e+03
4.341478330055092556e+03
4.391800892596085760e+03
4.442706749606883022e+03
4.494202662119141678e+03
4.546295469532399693e+03
4.598992090522438048e+03
4.652299523960189617e+03
4.706224849841281866e+03
4.760775230226367967e+03
4.815957910192350937e+03
4.871780218794630855e+03
4.928249570040513390e+03
4.985373463873893343e+03
5.043159487171358705e+03
5.101615314749833487e+03
5.160748710385907543e+03
5.220567527846975281e+03
5.281079711934330589e+03
5.342293299538352585e+03
5.404216420705914970e+03
5.466857299720180890e+03
5.530224256192900611e+03
5.594325706169377554e+03
5.659170163246242737e+03
5.724766239702178609e+03
5.791122647641758704e+03
5.858248200152535901e+03
5.926151812475553015e+03
5.994842503189408490e+03
6.064329395408061828e+03
6.134621717992506092e+03
6.205728806776500278e+03
6.277660105806499814e+03
6.350425168595961622e+03
6.424033659394191091e+03
6.498495354469888298e+03
6.573820143409585398e+03
6.650018030431117950e+03
6.727099135712336647e+03
6.805073696735206795e+03
6.883952069645496522e+03
6.963744730628221987e+03
7.044462277299036941e+03
7.126115430111745809e+03
7.208715033782135833e+03
7.292272058728312913e+03
7.376797602527730305e+03
7.462302891391107551e+03
7.548799281653431535e+03
7.636298261282241583e+03
7.724811451403400497e+03
7.814350607844541628e+03
7.904927622696420258e+03
7.996554525892346646e+03
8.089243486805938119e+03
8.183006815867389378e+03
8.277856966198472946e+03
8.373806535266488936e+03
8.470868266557401512e+03
8.569055051268347597e+03
8.668379930019773383e+03
8.768856094587426924e+03
8.870496889654403276e+03
8.973315814583520478e+03
9.077326525210222826e+03
9.182542835656282477e+03
9.288978720164497645e+03
9.396648314954691159e+03
9.505565920101191296e+03
9.615746001432094999e+03
9.727203192450537244e+03
9.839952296278226640e+03
9.954008287621518321e+03
1.006938631476027149e+04
1.018610170155975175e+04
1.030416994950587468e+04
1.042360673976401085e+04
1.054442793526168498e+04
1.066664958279538769e+04
1.079028791516183628e+04
1.091535935331391011e+04
1.104188050854160247e+04
1.116986818467822559e+04
1.129933938033221602e+04
1.143031129114478608e+04
1.156280131207375416e+04
1.169682703970384682e+04
1.183240627458378003e+04
1.196955702359042880e+04
1.210829750232039441e+04
1.224864613750930766e+04
1.239062156947915719e+04
1.253424265461399409e+04
1.267952846786434020e+04
1.282649830528059829e+04
1.297517168657586808e+04
1.312556835771842816e+04
1.327770829355429123e+04
1.343161170046015286e+04
1.358729901902709207e+04
1.374479092677536573e+04
1.390410834090069693e+04
1.406527242105236473e+04
1.422830457214351918e+04
1.439322644719406526e+04
1.456005995020648515e+04
1.472882723907501713e+04
1.489955072852853664e+04
1.507225309310755620e+04
1.524695727017572972e+04
1.542368646296627412e+04
1.560246414366367935e+04
1.578331405652116518e+04
1.596626022101425224e+04
1.615132693503092923e+04
1.633853877809863661e+04
1.652792061464897415e+04
1.671949759731991799e+04
1.691329517029650378e+04
1.710933907269017072e+04
1.730765534195727741e+04
1.750827031735726996e+04
1.771121064345090417e+04
1.791650327363903125e+04
1.812417547374239439e+04
1.833425482562292746e+04
1.854676923084701411e+04
1.876174691439123490e+04
1.897921642839103515e+04
1.919920665593286685e+04
1.942174681489028444e+04
1.964686646180448588e+04
1.987459549580985913e+04
2.010496416260501064e+04
2.033800305846983974e+04
2.057374313432915733e+04
2.081221569986341274e+04
2.105345242766708179e+04
2.129748535745523259e+04
2.154434690031886566e+04
2.179406984302958153e+04
2.204668735239412126e+04
2.230223297965940947e+04
2.256074066496863816e+04
2.282224474186900989e+04
2.308677994187172226e+04
2.335438139906481592e+04
2.362508465477950085e+04
2.389892566231052842e+04
2.417594079169133329e+04
2.445616683452449070e+04
2.473964100886816595e+04
2.502640096417921814e+04
2.531648478631358012e+04
2.560993100258462073e+04
2.590677858688011474e+04
2.620706696483855194e+04
2.651083601908541823e+04
2.681812609453018376e+04
2.712897800372470010e+04
2.744343303228368313e+04
2.776153294436803844e+04
2.808331998823175309e+04
2.840883690183307044e+04
2.873812691851069394e+04
2.907123377272581274e+04
2.940820170587066605e+04
2.974907547214443548e+04
3.009390034449724408e+04
3.044272212064305859e+04
3.079558712914229545e+04
3.115254223555491262e+04
3.151363484866482395e+04
3.187891292677649108e+04
3.224842498408445317e+04
3.262222009711673309e+04
3.300034791125288757e+04
3.338285864731764741e+04
3.376980310825094784e+04
3.416123268585532060e+04
3.455719936762142606e+04
3.495775574363278429e+04
3.536295501355046144e+04
3.577285099367877410e+04
3.618749812411284074e+04
3.660695147596906463e+04
3.703126675869931205e+04
3.746050032748997182e+04
3.789470919074671838e+04
3.833395101766605512e+04
3.877828414589461318e+04
3.922776758927723859e+04
3.968246104569485760e+04
4.014242490499326232e+04
4.060772025700369704e+04
4.107840889965651149e+04
4.155455334718879749e+04
4.203621683844718063e+04
4.252346334528686566e+04
4.301635758106799767e+04
4.351496500925053988e+04
4.401935185208878829e+04
4.452958509942660021e+04
4.504573251759463164e+04
4.556786265841068962e+04
4.609604486828438530e+04
4.663034929742736131e+04
4.717084690917022090e+04
4.771760948938750516e+04
4.827070965603188233e+04
4.883022086877885158e+04
4.939621743878325651e+04
4.996877453854888881e+04
5.054796821191245544e+04
5.113387538414331357e+04
5.172657387216024654e+04
5.232614239486667066e+04
5.293266058360566967e+04
5.354620899273613031e+04
5.416686911033157958e+04
5.479472336900292430e+04
5.542985515684674465e+04
5.607234882852038572e+04
5.672228971644549165e+04
5.737976414214139368e+04
5.804485942768983659e+04
5.871766390733261505e+04
5.939826693920362595e+04
6.008675891719693027e+04
6.078323128297235962e+04
6.148777653810029005e+04
6.220048825634717650e+04
6.292146109610350686e+04
6.365079081295577635e+04
6.438857427240425750e+04
6.513490946272809379e+04
6.588989550799956487e+04
6.665363268124920432e+04
6.742622241778348689e+04
6.820776732865691883e+04
6.899837121430024854e+04
6.979813907830667449e+04
7.060717714137780422e+04
7.142559285543134320e+04
7.225349491787221632e+04
7.309099328602918831e+04
7.393819919175872928e+04
7.479522515621829371e+04
7.566218500481062802e+04
7.653919388230155164e+04
7.742636826811278297e+04
7.832382599179203680e+04
7.923168624866261962e+04
8.015006961565413803e+04
8.107909806731695426e+04
8.201889499202212028e+04
8.296958520834914816e+04
8.393129498166372650e+04
8.490415204088755127e+04
8.588828559546258475e+04
8.688382635251192551e+04
8.789090653419963201e+04
8.890965989529166836e+04
8.994022174092053319e+04
9.098272894455568166e+04
9.203731996618230187e+04
9.310413487069084658e+04
9.418331534647960507e+04
9.527500472427299246e+04
9.637934799615795782e+04
9.749649183484097011e+04
9.862658461312830332e+04
9.976977642363210907e+04
1.009262190987048380e+05
1.020960662306047598e+05
1.032794731918952457e+05
1.044765971560805192e+05
1.056875971184805094e+05
1.069126339173477172e+05
1.081518702552289178e+05
1.094054707205743616e+05
1.106736018095974578e+05
1.119564319483879372e+05
1.132541315152812604e+05
1.145668728634872678e+05
1.158948303439811862e+05
1.172381803286599752e+05
1.185971012337670545e+05
1.199717735435885552e+05
1.213623798344241804e+05
1.227691047988360369e+05
1.241921352701784635e+05
1.256316602474121464e+05
1.270878709202059545e+05
1.285609606943296531e+05
1.300511252173409885e+05
1.315585624045705190e+05
1.330834724654075981e+05
1.346260579298911034e+05
1.361865236756082741e+05
1.377650769549054967e+05
1.393619274224143592e+05
1.409772871628967696e+05
1.426113707194129820e+05
1.442643951218158763e+05
1.459365799155757704e+05
1.476281471909391112e+05
1.493393216124253231e+05
1.510703304486655688e+05
1.528214036025870882e+05
1.545927736419478606e+05
1.563846758302247908e+05
1.581973481578601641e+05
1.600310313738701807e+05
1.618859690178199089e+05
1.637624074521689035e+05
1.656605958949915075e+05
1.675807864530768711e+05
1.695232341554121522e+05
1.714881969870540779e+05
1.734759359233932628e+05
1.754867149648152117e+05
1.775208011717635964e+05
1.795784647002096754e+05
1.816599788375328644e+05
1.837656200388172292e+05
1.858956679635688197e+05
1.880504055128583568e+05
1.902301188668945688e+05
1.924350975230332406e+05
1.946656343342263135e+05
1.969220255479173502e+05
1.992045708453871193e+05
2.015135733815558488e+05
2.038493398252464249e+05
2.062121803999144468e+05
2.086024089248504897e+05
2.110203428568596428e+05
2.134663033324245480e+05
2.159406152103567729e+05
2.184436071149428317e+05
2.209756114795903268e+05
2.235369645909796527e+05
2.261280066337279568e+05
2.287490817355704203e+05
2.314005380130654084e+05
2.340827276178294269e+05
2.367960067833078792e+05
2.395407358720879420e+05
2.423172794237600756e+05
2.451260062033339927e+05
2.479672892502160103e+05
2.508415059277541295e+05
2.537490379733571608e+05
2.566902715491951967e+05
2.596655972934872552e+05
2.626754103723838343e+05
2.657201105324506643e+05
2.688001021537607303e+05
2.719157943036018987e+05
2.750676007908067550e+05
2.782559402207125677e+05
2.814812360507581034e+05
2.847439166467247996e+05
2.880444153396298061e+05
2.913831704832788673e+05
2.947606255124858581e+05
2.981772290019673528e+05
3.016334347259197384e+05
3.051297017182870768e+05
3.086664943337274599e+05
3.122442823092857725e+05
3.158635408267818857e+05
3.195247505759213818e+05
3.232283978181380662e+05
3.269749744511768222e+05
3.307649780744242598e+05
3.345989120549974614e+05
3.384772855945983320e+05
3.424006137971425778e+05
3.463694177371734404e+05
3.503842245290675783e+05
3.544455673970435746e+05
3.585539857459816849e+05
3.627100252330648364e+05
3.669142378402493778e+05
3.711671819475766970e+05
3.754694224073336809e+05
3.798215306190736010e+05
3.842240846055060974e+05
3.886776690892667975e+05
3.931828755705770454e+05
3.977403024058036972e+05
4.023505548869293416e+05
4.070142453219438903e+05
4.117319931161678978e+05
4.165044248545184964e+05
4.213321743847288890e+05
4.262158829015325173e+05
4.311561990318228491e+05
4.361537789208005415e+05
4.412092863191189826e+05
4.463233926710397354e+05
4.514967772036101669e+05
4.567301270168746705e+05
4.620241371751312981e+05
4.673795107992463745e+05
4.727969591600390850e+05
4.782772017727485509e+05
4.838209664925957331e+05
4.894289896114531439e+05
4.951020159556351136e+05
5.008407989848212455e+05
5.066461008921268512e+05
5.125186927053332911e+05
5.184593543892913149e+05
5.244688749495118391e+05
5.305480525369574316e+05
5.366976945540476590e+05
5.429186177618942456e+05
5.492116483887789072e+05
5.555776222398878308e+05
5.620173848083188059e+05
5.685317913873753278e+05
5.751217071841614088e+05
5.817880074344935128e+05
5.885315775191450957e+05
5.953533130814370234e+05
6.022541201461928431e+05
6.092349152400711318e+05
6.162966255132942460e+05
6.234401888627863955e+05
6.306665540567405988e+05
6.379766808606282575e+05
6.453715401646702085e+05
6.528521141127847368e+05
6.604193962330304785e+05
6.680743915695614414e+05
6.758181168161110254e+05
6.836516004510239000e+05
6.915758828738525044e+05
6.995920165435374947e+05
7.077010661181889009e+05
7.159041085964888334e+05
7.242022334607315715e+05
7.325965428215230349e+05
7.410881515641569858e+05
7.496781874966876348e+05
7.583677914997190237e+05
7.671581176779302768e+05
7.760503335133570945e+05
7.850456200204509078e+05
7.941451719029339729e+05
8.033501977124734549e+05
8.126619200091945240e+05
8.220815755240541184e+05
8.316104153230962111e+05
8.412497049736118643e+05
8.510007247122246772e+05
8.608647696149244439e+05
8.708431497690724209e+05
8.809371904473990435e+05
8.911482322840201668e+05
9.014776314524917398e+05
9.119267598459298024e+05
9.224970052592174616e+05
9.331897715733238729e+05
9.440064789417603752e+05
9.549485639791965950e+05
9.660174799522645772e+05
9.772146969725724775e+05
9.885417021919573890e+05
1.000000000000000000e+06
